0,8213.01270,0.00409,0.03428
1,3495.61597,0.00786,0.07516
2,2754.61841,0.01069,0.08459
3,2210.49438,0.01478,0.09025
4,1827.38440,0.00755,0.06069
5,1613.35388,0.01730,0.14403
6,1483.87280,0.02170,0.15849
7,1322.75415,0.02484,0.16541
8,1225.67944,0.02579,0.16792
9,1084.32300,0.03270,0.20975
10,973.75964,0.03208,0.21950
11,944.95282,0.03082,0.19340
12,868.01331,0.03616,0.22264
13,889.97217,0.04057,0.26918
14,815.78876,0.03616,0.24623
15,790.17645,0.03836,0.23113
16,659.11975,0.03679,0.22893
17,686.98907,0.05031,0.27547
18,618.40179,0.04403,0.26855
19,642.96716,0.03742,0.23302
20,622.50635,0.04874,0.28302
21,613.55914,0.04182,0.28082
22,598.88544,0.01730,0.16226
23,547.56982,0.03994,0.23931
24,569.69830,0.04277,0.24811
25,533.69031,0.03836,0.24277
26,505.85376,0.05157,0.26635
27,479.51151,0.05157,0.26918
28,459.07324,0.02673,0.17893
29,461.83734,0.05881,0.30283
30,412.82788,0.06604,0.33396
31,463.71719,0.03931,0.26226
32,438.20883,0.06258,0.33365
33,429.98343,0.04969,0.26824
34,423.00839,0.04088,0.25881
35,420.83026,0.05314,0.30094
36,406.34293,0.06761,0.32107
37,388.53232,0.06352,0.30849
38,395.94733,0.07642,0.35629
39,339.30539,0.05283,0.25786
40,351.55136,0.06132,0.28994
41,366.78952,0.06352,0.32201
42,341.24112,0.05000,0.28585
43,341.45572,0.06384,0.32327
44,318.46292,0.06950,0.32799
45,338.65787,0.05346,0.29245
46,308.94507,0.04151,0.21352
47,309.43570,0.05692,0.31855
48,325.72726,0.04119,0.21698
49,311.96344,0.07013,0.38679
50,275.36600,0.06761,0.35000
51,307.38354,0.07830,0.37925
52,290.90845,0.03774,0.20849
53,276.10580,0.06164,0.32484
54,307.91940,0.03113,0.17075
55,257.58862,0.06541,0.31289
56,238.23892,0.08585,0.37484
57,258.66025,0.07201,0.36164
58,263.26950,0.03585,0.20472
59,268.54764,0.07610,0.34528
60,250.60007,0.08082,0.40440
61,217.54124,0.05755,0.33145
62,223.62154,0.07138,0.37421
63,225.57669,0.08082,0.38333
64,223.51015,0.08553,0.40252
65,199.55986,0.05943,0.27799
66,235.66794,0.06730,0.32107
67,269.48450,0.06667,0.31069
68,262.06363,0.06572,0.30943
69,250.54164,0.07453,0.33585
70,252.92326,0.09465,0.39025
71,206.89522,0.06509,0.31761
72,208.26974,0.03868,0.23962
73,223.02272,0.05723,0.29182
74,191.19002,0.09151,0.40692
75,202.87778,0.08428,0.36730
76,185.77954,0.06132,0.30031
77,205.57993,0.09906,0.42704
78,212.50740,0.10629,0.45063
79,181.49486,0.06855,0.33491
80,174.01038,0.09340,0.38648
81,188.95676,0.07327,0.34811
82,204.44948,0.07421,0.33553
83,171.05348,0.05849,0.27296
84,164.01042,0.10755,0.42799
85,181.13382,0.08333,0.38648
86,177.60434,0.11101,0.43836
87,162.75743,0.06321,0.30943
88,145.37880,0.07327,0.33333
89,174.10579,0.10566,0.43082
90,159.85168,0.10597,0.41572
91,170.58496,0.09497,0.40472
92,167.46992,0.09119,0.41226
93,158.80952,0.08616,0.37987
94,171.46623,0.07987,0.35723
95,150.55313,0.10000,0.40063
96,147.53604,0.09654,0.41321
97,144.97725,0.11069,0.45377
98,151.47659,0.04969,0.24528
99,139.44350,0.10189,0.43994
100,129.79849,0.05346,0.25031
101,139.87590,0.10755,0.41164
102,136.70009,0.08019,0.37107
103,156.97508,0.08774,0.35660
104,151.68967,0.03836,0.16730
105,132.48764,0.07013,0.29748
106,149.80881,0.11164,0.41321
107,148.41360,0.03428,0.17704
108,128.75040,0.13742,0.49277
109,130.74123,0.07579,0.33805
110,135.72182,0.12075,0.47830
111,131.58839,0.08113,0.35440
112,143.13205,0.10849,0.45189
113,108.79408,0.09528,0.39937
114,148.35095,0.11321,0.42170
115,120.61950,0.11698,0.43176
116,133.21028,0.08585,0.37516
117,126.26244,0.12138,0.47673
118,105.04280,0.12767,0.49654
119,110.36216,0.03836,0.21195
120,115.76637,0.12264,0.45566
121,104.23618,0.10000,0.42547
122,124.05147,0.10346,0.42264
123,110.59879,0.14654,0.49340
124,113.98910,0.08931,0.40786
125,122.06844,0.11384,0.44371
126,97.10133,0.07925,0.37044
127,96.73586,0.11761,0.45000
128,107.76290,0.06635,0.29780
129,113.48717,0.08176,0.35849
130,107.01772,0.08553,0.35755
131,97.40753,0.14340,0.51164
132,99.27065,0.06761,0.32799
133,107.65133,0.07358,0.32484
134,112.33866,0.12925,0.46132
135,105.62800,0.14528,0.49340
136,99.16634,0.07704,0.33302
137,86.41930,0.10189,0.39088
138,82.45434,0.07233,0.30881
139,90.13398,0.15314,0.52107
140,96.43153,0.07327,0.35063
141,106.17178,0.04057,0.20755
142,95.95955,0.08553,0.36101
143,84.27621,0.10283,0.39937
144,99.06234,0.14434,0.50786
145,108.93905,0.04465,0.20126
146,112.95708,0.05943,0.26604
147,95.61037,0.13711,0.48365
148,96.53125,0.08648,0.34937
149,86.08018,0.05786,0.24686
150,92.98717,0.09403,0.38333
151,83.57490,0.07767,0.33019
152,70.38361,0.03365,0.17736
153,86.66480,0.09874,0.41101
154,80.11873,0.11667,0.40063
155,86.34525,0.15000,0.51415
156,102.96785,0.07830,0.32736
157,81.17332,0.04434,0.22547
158,96.36005,0.13994,0.51667
159,85.54858,0.11352,0.43208
160,72.25059,0.13585,0.46855
161,96.89283,0.14497,0.49403
162,72.25626,0.08019,0.34623
163,76.98783,0.10440,0.40881
164,84.85693,0.12107,0.44371
165,82.60378,0.08899,0.35566
166,88.08504,0.12830,0.49340
167,81.21606,0.12233,0.45943
168,88.74890,0.11289,0.43585
169,62.04764,0.13302,0.47484
170,86.96190,0.10849,0.41447
171,63.75243,0.12358,0.47264
172,71.80923,0.09151,0.38459
173,61.22134,0.15912,0.50755
174,52.18090,0.11509,0.43805
175,73.78278,0.10692,0.41981
176,84.62724,0.13679,0.49403
177,71.49908,0.13302,0.45535
178,76.90214,0.08931,0.35126
179,66.45390,0.02296,0.12233
180,70.55037,0.11635,0.43270
181,75.34104,0.13585,0.48270
182,67.33486,0.07013,0.30912
183,78.09994,0.09874,0.40283
184,64.42738,0.14308,0.46321
185,64.38914,0.07767,0.30629
186,78.46553,0.12987,0.47925
187,79.42132,0.12736,0.47830
188,72.00678,0.07390,0.31101
189,78.91836,0.08931,0.36289
190,67.07755,0.01635,0.08365
191,69.12084,0.10094,0.36887
192,65.32864,0.11478,0.43459
193,66.04340,0.11541,0.45566
194,73.95968,0.15094,0.52264
195,60.23211,0.05126,0.25535
196,60.01494,0.05597,0.22767
197,69.80675,0.08962,0.35472
198,61.65631,0.09937,0.40660
199,60.45262,0.06761,0.30566
200,74.67156,0.16761,0.55314
201,57.22911,0.06352,0.28428
202,57.61435,0.09874,0.38742
203,62.12633,0.08176,0.32421
204,56.32078,0.12201,0.44560
205,51.85298,0.14497,0.49308
206,61.25248,0.16604,0.52264
207,59.24583,0.15535,0.50786
208,43.71960,0.15409,0.53774
209,45.73782,0.15535,0.51792
210,62.58301,0.09340,0.36195
211,62.81213,0.07390,0.30597
212,50.93022,0.10346,0.41887
213,69.31390,0.06006,0.26069
214,55.90146,0.12736,0.48333
215,54.22748,0.12830,0.45660
216,73.56824,0.09906,0.40094
217,39.08894,0.18522,0.57296
218,55.26955,0.03805,0.19057
219,54.01379,0.11635,0.38805
220,57.74799,0.02390,0.11950
221,57.47285,0.08428,0.32107
222,65.07763,0.09811,0.38396
223,73.32167,0.04937,0.20975
224,66.71965,0.08616,0.33333
225,60.87803,0.11415,0.41667
226,49.52999,0.14340,0.47799
227,39.46032,0.11164,0.42547
228,50.74700,0.17673,0.56195
229,42.39300,0.14465,0.48491
230,47.91071,0.10252,0.40818
231,41.27171,0.14245,0.49371
232,50.25590,0.11226,0.40283
233,35.90348,0.12453,0.42201
234,57.17284,0.17736,0.52642
235,60.66964,0.16164,0.53931
236,46.20736,0.15440,0.52390
237,61.12726,0.13962,0.47075
238,42.82024,0.10660,0.40692
239,62.24575,0.14654,0.48805
240,48.58363,0.11289,0.42893
241,52.25395,0.16950,0.55346
242,57.90699,0.03396,0.16824
243,66.70028,0.05818,0.24434
244,54.42451,0.11447,0.41478
245,44.13086,0.07421,0.28082
246,33.43663,0.18994,0.58585
247,38.76623,0.06415,0.26792
248,51.79914,0.17610,0.54465
249,35.85011,0.14434,0.47767
250,48.58603,0.10692,0.39528
251,49.97653,0.15346,0.48931
252,58.03257,0.07075,0.30472
253,73.10841,0.14277,0.45566
254,37.07848,0.03145,0.15031
255,48.74931,0.03899,0.20031
256,40.03957,0.17862,0.54591
257,42.91977,0.02579,0.13616
258,53.54552,0.11226,0.40314
259,45.57777,0.10723,0.39623
260,40.17581,0.09308,0.37138
261,45.27885,0.14874,0.48302
262,41.83547,0.16289,0.51887
263,52.46486,0.11384,0.40189
264,42.87169,0.14403,0.48679
265,40.14467,0.14371,0.46132
266,55.07069,0.02767,0.13082
267,46.55832,0.16384,0.52516
268,35.00022,0.11132,0.41384
269,43.39275,0.18145,0.56918
270,45.95599,0.08679,0.36352
271,34.09394,0.18082,0.56289
272,37.45618,0.07956,0.33774
273,40.52447,0.11415,0.42925
274,49.90531,0.08302,0.33711
275,33.93198,0.08679,0.34151
276,42.77463,0.12987,0.45252
277,43.92602,0.13333,0.43208
278,48.23705,0.08994,0.34057
279,43.35599,0.09906,0.35723
280,33.45247,0.05314,0.22516
281,44.21973,0.21635,0.59465
282,43.90152,0.16226,0.52390
283,49.24524,0.13648,0.44119
284,42.66656,0.15597,0.49308
285,41.33348,0.15503,0.51635
286,45.14546,0.06604,0.27233
287,33.00946,0.12987,0.44937
288,50.22949,0.09245,0.36258
289,51.00016,0.18491,0.57233
290,51.73217,0.12673,0.45063
291,36.36689,0.11226,0.40377
292,45.50256,0.06006,0.26352
293,37.24552,0.12610,0.45126
294,40.37896,0.18270,0.56541
295,32.14056,0.04780,0.19654
296,37.65513,0.12673,0.43428
297,43.21907,0.07138,0.31509
298,39.02854,0.15943,0.51509
299,35.78443,0.05786,0.23491
300,50.57037,0.06384,0.22453
301,35.15617,0.13899,0.47358
302,30.03052,0.09906,0.37233
303,38.79920,0.12610,0.45283
304,43.22726,0.03931,0.17421
305,35.76704,0.09277,0.35943
306,45.19236,0.15220,0.48270
307,36.67867,0.14654,0.46006
308,41.25937,0.07107,0.28899
309,36.39056,0.19119,0.56321
310,36.14100,0.21069,0.61038
311,26.05538,0.21226,0.60912
312,51.29360,0.03805,0.16918
313,37.35981,0.17642,0.54654
314,30.45214,0.15660,0.52453
315,39.90746,0.16415,0.51792
316,35.99792,0.07484,0.29969
317,42.32745,0.19591,0.56824
318,44.01393,0.18994,0.57264
319,50.50518,0.05849,0.24748
320,29.75382,0.19371,0.57799
321,42.80242,0.10220,0.41635
322,33.13381,0.11572,0.40409
323,28.32397,0.20440,0.60189
324,36.72783,0.08585,0.33742
325,32.59488,0.12358,0.43396
326,31.56064,0.15283,0.50472
327,33.96680,0.07736,0.33805
328,28.81520,0.18931,0.57704
329,41.51131,0.17704,0.56855
330,35.18259,0.12610,0.42138
